8.421052631578951342e-01,1.916996047430830352e-01,5.721925133689839127e-01,2.577319587628865705e-01,6.195652173913043237e-01,6.275862068965517571e-01,5.738396624472572594e-01,2.830188679245283501e-01,5.930599369085173267e-01,3.720136518771330891e-01,4.552845528455285451e-01,9.706959706959705780e-01,5.613409415121255464e-01
5.710526315789472562e-01,2.055335968379446709e-01,4.171122994652406435e-01,3.092783505154639290e-02,3.260869565217391353e-01,5.758620689655172820e-01,5.105485232067509260e-01,2.452830188679245016e-01,2.744479495268138947e-01,2.645051194539248529e-01,4.634146341463414864e-01,7.802197802197801124e-01,5.506419400855920854e-01
5.605263157894739834e-01,3.201581027667984580e-01,7.005347593582885724e-01,4.123711340206186460e-01,3.369565217391304879e-01,6.275862068965517571e-01,6.118143459915611482e-01,3.207547169811320042e-01,7.570977917981072114e-01,3.754266211604094794e-01,4.471544715447154927e-01,6.959706959706959406e-01,6.469329529243937893e-01
8.789473684210524773e-01,2.391304347826087306e-01,6.096256684491977440e-01,3.195876288659794673e-01,4.673913043478260532e-01,9.896551724137931938e-01,6.645569620253164445e-01,2.075471698113207364e-01,5.583596214511041822e-01,5.563139931740613831e-01,3.089430894308943798e-01,7.985347985347985844e-01,8.573466476462198171e-01
5.815789473684214173e-01,3.656126482213438722e-01,8.074866310160427885e-01,5.360824742268042176e-01,5.217391304347825942e-01,6.275862068965517571e-01,4.957805907172995186e-01,4.905660377358490587e-01,4.447949526813880228e-01,2.593856655290102120e-01,4.552845528455285451e-01,6.080586080586081188e-01,3.259629101283880726e-01
8.342105263157892914e-01,2.015810276679842195e-01,5.828877005347593565e-01,2.371134020618556049e-01,4.565217391304349226e-01,7.896551724137932382e-01,6.434599156118142593e-01,3.962264150943396457e-01,4.921135646687696541e-01,4.667235494880546121e-01,4.634146341463414864e-01,5.787545787545789189e-01,8.359486447931526731e-01
8.842105263157895578e-01,2.233201581027668692e-01,5.828877005347593565e-01,2.061855670103092120e-01,2.826086956521739468e-01,5.241379310344828069e-01,4.599156118143459260e-01,3.207547169811320042e-01,4.952681388012618591e-01,3.387372013651877012e-01,4.390243902439024404e-01,8.461538461538462563e-01,7.218259629101284602e-01
7.973684210526319482e-01,2.786561264822134953e-01,6.684491978609624629e-01,3.608247422680412875e-01,5.543478260869566521e-01,5.586206896551725309e-01,4.578059071729956298e-01,3.396226415094339979e-01,2.649842271293375573e-01,3.216723549488054168e-01,4.715447154471545388e-01,8.461538461538462563e-01,7.253922967189729842e-01
1.000000000000000000e+00,1.778656126482213440e-01,4.331550802139035872e-01,1.752577319587629301e-01,2.934782608695652995e-01,6.275862068965517571e-01,5.569620253164556667e-01,3.018867924528301216e-01,4.952681388012618591e-01,3.344709897610921301e-01,4.878048780487805325e-01,5.787545787545789189e-01,5.470756062767475614e-01
7.447368421052629195e-01,1.205533596837945198e-01,4.866310160427805842e-01,2.783505154639175361e-01,3.043478260869566521e-01,6.896551724137931494e-01,5.928270042194091483e-01,1.698113207547169712e-01,4.542586750788644157e-01,5.068259385665528916e-01,4.308943089430894990e-01,8.351648351648350843e-01,5.470756062767475614e-01
8.078947368421052211e-01,2.806324110671937211e-01,5.026737967914437499e-01,3.814432989690721421e-01,3.804347826086956763e-01,6.793103448275863432e-01,6.286919831223627408e-01,1.698113207547169712e-01,6.214511041009462833e-01,3.813993174061433011e-01,6.260162601626015899e-01,6.959706959706959406e-01,8.787446504992867391e-01
8.131578947368418575e-01,1.462450592885375655e-01,5.133689839572191937e-01,3.195876288659794673e-01,2.717391304347825942e-01,4.206896551724138567e-01,4.409282700421940371e-01,2.452830188679245016e-01,3.659305993690851744e-01,3.174061433447098457e-01,5.609756097560976151e-01,5.677655677655677469e-01,7.146932952924394122e-01
7.157894736842105310e-01,1.956521739130434867e-01,5.614973262032084689e-01,2.783505154639175361e-01,2.065217391304348116e-01,5.586206896551725309e-01,5.105485232067509260e-01,3.018867924528301216e-01,4.416403785488959288e-01,3.686006825938565878e-01,5.447154471544715104e-01,5.970695970695971688e-01,7.432239657631954932e-01
9.789473684210525661e-01,1.956521739130434867e-01,5.508021390374332471e-01,4.123711340206182019e-02,2.282608695652174058e-01,7.310344827586208183e-01,7.067510548523205927e-01,5.660377358490565891e-01,7.570977917981072114e-01,3.515358361774744145e-01,6.260162601626015899e-01,5.347985347985346749e-01,6.219686162624822323e-01
8.815789473684212396e-01,2.233201581027668692e-01,5.454545454545453032e-01,7.216494845360821309e-02,3.478260869565218405e-01,8.000000000000000444e-01,6.962025316455695556e-01,3.018867924528301216e-01,8.044164037854889537e-01,5.307167235494880675e-01,5.853658536585366612e-01,6.336996336996336687e-01,9.051355206847361279e-01
6.842105263157898243e-01,2.114624505928854037e-01,7.165775401069519601e-01,3.402061855670103219e-01,4.565217391304349226e-01,6.448275862068966191e-01,5.421940928270041482e-01,3.207547169811320042e-01,3.312302839116719189e-01,5.136518771331057831e-01,6.504065040650406360e-01,5.897435897435896468e-01,7.360912981455064452e-01
8.605263157894738058e-01,2.332015810276679979e-01,7.272727272727274039e-01,4.845360824742268591e-01,5.434782608695652995e-01,6.275862068965517571e-01,5.907172995780589630e-01,3.773584905660377631e-01,4.921135646687696541e-01,4.197952218430034410e-01,4.796747967479675911e-01,5.054945054945054750e-01,7.146932952924394122e-01
7.368421052631579649e-01,1.640316205533597083e-01,6.737967914438501849e-01,4.845360824742268591e-01,4.891304347826087584e-01,6.793103448275863432e-01,6.455696202531644445e-01,5.094339622641509413e-01,4.132492113564668612e-01,4.539249146757678988e-01,5.284552845528454057e-01,4.761904761904761085e-01,6.077032810271041363e-01
8.315789473684209732e-01,1.679841897233202153e-01,5.989304812834223002e-01,3.041237113402062153e-01,4.130434782608695121e-01,8.000000000000000444e-01,7.573839662447257037e-01,3.584905660377358805e-01,4.574132492113565096e-01,6.331058020477814408e-01,6.097560975609757072e-01,5.677655677655677469e-01,1.000000000000000000e+00
6.868421052631581425e-01,4.664031620553360513e-01,6.417112299465240755e-01,2.371134020618556049e-01,5.000000000000001110e-01,5.931034482758621440e-01,5.675105485232065927e-01,7.547169811320755817e-02,3.943217665615141865e-01,3.259385665529009879e-01,3.902439024390243483e-01,7.655677655677655125e-01,4.044222539229672675e-01
7.973684210526319482e-01,1.758893280632411182e-01,4.919786096256683061e-01,2.783505154639175361e-01,6.086956521739129711e-01,6.965517241379310942e-01,5.970464135021096297e-01,2.075471698113207364e-01,5.331230283911672085e-01,3.728668941979522700e-01,4.959349593495935848e-01,8.937728937728937062e-01,3.580599144079885665e-01
5.000000000000000000e-01,6.047430830039526306e-01,6.898395721925133506e-01,4.123711340206186460e-01,3.478260869565218405e-01,4.931034482758621662e-01,4.367088607594936667e-01,2.264150943396226190e-01,4.952681388012618591e-01,2.747440273037542458e-01,4.471544715447154927e-01,8.241758241758241343e-01,3.509272467902996295e-01
7.052631578947372581e-01,2.213438735177865879e-01,5.347593582887698593e-01,3.092783505154640400e-01,3.369565217391304879e-01,5.620689655172413923e-01,5.358649789029534816e-01,2.641509433962264675e-01,4.037854889589904683e-01,2.150170648464163337e-01,5.121951219512195230e-01,1.000000000000000000e+00,5.399429386590585134e-01
4.789473684210525661e-01,1.699604743083004410e-01,6.203208556149731878e-01,3.711340206185567148e-01,2.717391304347825942e-01,5.172413793103448620e-01,4.282700421940927593e-01,2.452830188679245016e-01,3.312302839116719189e-01,2.261092150170648518e-01,4.959349593495935848e-01,8.644688644688645063e-01,5.256776034236805284e-01
6.499999999999999112e-01,2.114624505928854037e-01,6.684491978609624629e-01,4.845360824742268591e-01,2.826086956521739468e-01,5.344827586206896131e-01,4.789029535864978149e-01,2.830188679245283501e-01,3.943217665615141865e-01,1.911262798634812132e-01,5.203252032520326864e-01,9.340659340659340781e-01,4.044222539229672675e-01
5.315789473684215949e-01,2.588932806324110159e-01,9.946524064171123891e-01,7.422680412371134295e-01,5.869565217391304879e-01,5.689655172413793371e-01,4.936708860759493334e-01,6.415094339622640085e-01,4.763406940063090733e-01,1.962457337883959096e-01,5.284552845528454057e-01,7.069597069597071126e-01,3.937232524964336955e-01
6.210526315789475227e-01,2.035573122529644452e-01,6.737967914438501849e-01,2.835051546391753607e-01,2.500000000000001110e-01,6.448275862068966191e-01,5.485232067510548148e-01,3.962264150943396457e-01,3.280757097791797694e-01,3.003412969283275613e-01,3.577235772357723609e-01,7.142857142857144126e-01,6.540656205420827263e-01
5.973684210526317706e-01,1.936758893280632610e-01,4.171122994652406435e-01,3.298969072164948946e-01,2.608695652173912416e-01,4.896551724137930828e-01,3.902953586497889815e-01,2.641509433962264675e-01,2.965299684542587189e-01,2.278156996587030469e-01,4.390243902439024404e-01,5.494505494505494969e-01,7.182596291012839362e-01
7.473684210526316818e-01,2.292490118577075464e-01,7.700534759358287351e-01,4.536082474226803551e-01,4.021739130434783815e-01,6.793103448275863432e-01,5.548523206751054815e-01,4.528301886792452935e-01,4.258675078864353480e-01,2.747440273037542458e-01,6.260162601626015899e-01,7.802197802197801124e-01,4.543509272467903815e-01
7.868421052631577872e-01,1.857707509881423025e-01,4.545454545454544748e-01,2.783505154639175361e-01,2.826086956521739468e-01,5.758620689655172820e-01,4.198312236286919075e-01,2.452830188679245016e-01,4.952681388012618591e-01,2.918088737201365301e-01,4.552845528455285451e-01,8.498168498168496843e-01,5.399429386590585134e-01
7.105263157894738946e-01,1.501976284584980725e-01,7.165775401069519601e-01,6.134020618556701443e-01,3.369565217391304879e-01,6.965517241379310942e-01,6.139240506329113334e-01,3.018867924528301216e-01,6.214511041009462833e-01,3.771331058020477300e-01,5.772357723577234978e-01,5.274725274725273749e-01,7.182596291012839362e-01
6.710526315789473450e-01,1.818181818181818510e-01,5.347593582887698593e-01,4.381443298969073252e-01,3.913043478260870289e-01,6.482758620689654805e-01,6.012658227848100001e-01,1.698113207547169712e-01,4.858044164037854662e-01,4.795221843003413253e-01,4.959349593495935848e-01,5.897435897435896468e-01,8.823109843081312631e-01
6.973684210526314153e-01,2.154150197628459107e-01,5.347593582887698593e-01,3.402061855670103219e-01,3.695652173913043237e-01,4.965517241379310276e-01,4.957805907172995186e-01,5.471698113207547065e-01,4.921135646687696541e-01,2.184300341296927794e-01,6.097560975609757072e-01,5.860805860805862189e-01,5.078459343794579084e-01
7.184210526315788492e-01,1.561264822134387498e-01,7.165775401069519601e-01,4.587628865979380688e-01,6.739130434782608647e-01,6.793103448275863432e-01,5.063291139240505556e-01,6.981132075471697673e-01,2.965299684542587189e-01,3.515358361774744145e-01,6.260162601626015899e-01,6.336996336996336687e-01,6.825962910128388073e-01
6.526315789473686735e-01,2.094861660079051779e-01,6.898395721925133506e-01,4.329896907216495006e-01,4.347826086956522174e-01,4.724137931034483318e-01,4.620253164556961112e-01,3.018867924528301216e-01,3.564668769716088370e-01,2.491467576791809024e-01,5.040650406504065817e-01,5.860805860805862189e-01,5.827389443651925793e-01
6.447368421052632748e-01,2.114624505928854037e-01,5.614973262032084689e-01,5.103092783505154273e-01,3.260869565217391353e-01,5.931034482758621440e-01,5.569620253164556667e-01,2.452830188679245016e-01,4.574132492113565096e-01,3.259385665529009879e-01,4.552845528455285451e-01,8.058608058608058844e-01,4.579172610556347944e-01
5.921052631578946901e-01,1.778656126482213440e-01,7.914438502673796227e-01,2.525773195876288568e-01,4.347826086956522174e-01,5.586206896551725309e-01,4.936708860759493334e-01,3.962264150943396457e-01,2.996845425867508128e-01,2.832764505119453879e-01,4.959349593495935848e-01,5.531135531135531469e-01,4.293865905848788245e-01
5.315789473684215949e-01,1.798418972332015697e-01,6.363636363636361315e-01,3.814432989690721421e-01,3.043478260869566521e-01,5.068965517241380558e-01,4.409282700421940371e-01,3.018867924528301216e-01,3.249211356466876754e-01,2.534129692832763903e-01,5.203252032520326864e-01,4.542124542124540976e-01,5.898716119828816273e-01
5.368421052631582313e-01,1.501976284584980725e-01,3.957219251336897559e-01,2.525773195876288568e-01,3.043478260869566521e-01,4.896551724137930828e-01,4.852320675105484815e-01,2.830188679245283501e-01,3.028391167192429623e-01,2.064846416382252470e-01,5.691056910569105565e-01,5.201465201465200749e-01,5.292439372325250524e-01
8.394736842105263719e-01,6.422924901185771418e-01,6.149732620320854659e-01,1.340206185567009989e-01,6.304347826086956763e-01,6.965517241379310942e-01,5.696202531645568889e-01,1.320754716981132060e-01,5.268138801261830206e-01,3.259385665529009879e-01,3.333333333333333148e-01,8.278388278388277843e-01,3.437945791726105815e-01
6.657894736842107086e-01,1.916996047430830352e-01,5.080213903743314718e-01,2.886597938144329634e-01,5.108695652173912416e-01,7.482758620689655693e-01,6.223628691983121852e-01,3.962264150943396457e-01,6.088328075709779075e-01,4.138225255972696193e-01,3.821138211382114069e-01,7.728937728937728124e-01,3.687589158345221385e-01
6.263157894736846032e-01,6.126482213438735336e-01,4.064171122994651997e-01,4.226804123711340733e-01,2.173913043478261642e-01,5.068965517241380558e-01,4.936708860759493334e-01,2.641509433962264675e-01,3.375394321766561623e-01,2.559726962457338217e-01,3.495934959349594195e-01,6.336996336996336687e-01,5.399429386590585134e-01
7.500000000000004441e-01,2.272727272727272652e-01,6.577540106951870191e-01,2.268041237113401776e-01,3.369565217391304879e-01,7.827586206896552934e-01,6.793248945147678519e-01,7.547169811320755817e-02,4.069400630914826733e-01,3.540955631399317349e-01,3.252032520325203735e-01,8.388278388278389563e-01,5.827389443651925793e-01
5.815789473684214173e-01,6.403162055335969161e-01,4.973262032085560280e-01,3.556701030927835738e-01,3.586956521739129711e-01,5.724137931034484206e-01,4.831223628691981853e-01,3.584905660377358805e-01,3.943217665615141865e-01,2.627986348122867133e-01,2.764227642276422814e-01,6.336996336996336687e-01,2.867332382310984196e-01
5.315789473684215949e-01,2.035573122529644452e-01,3.957219251336897559e-01,3.298969072164948946e-01,4.021739130434783815e-01,6.965517241379310942e-01,5.611814345991560371e-01,2.830188679245283501e-01,5.110410094637223288e-01,3.208191126279863470e-01,3.252032520325203735e-01,7.619047619047618625e-01,4.329529243937232375e-01
8.368421052631580537e-01,6.521739130434782705e-01,5.775401069518716346e-01,4.278350515463916759e-01,4.456521739130435700e-01,6.448275862068966191e-01,4.873417721518986667e-01,3.207547169811320042e-01,2.649842271293375573e-01,3.378839590443686314e-01,3.170731707317073211e-01,7.545787545787545625e-01,5.720399429386591184e-01
8.815789473684212396e-01,5.632411067193675569e-01,4.919786096256683061e-01,2.783505154639175361e-01,3.478260869565218405e-01,7.827586206896552934e-01,5.970464135021096297e-01,2.641509433962264675e-01,5.615141955835961651e-01,3.088737201365188145e-01,4.552845528455285451e-01,7.948717948717949344e-01,5.613409415121255464e-01
7.552631578947370805e-01,1.857707509881423025e-01,4.064171122994651997e-01,2.783505154639175361e-01,3.369565217391304879e-01,7.310344827586208183e-01,6.434599156118142593e-01,1.509433962264150886e-01,5.457413249211356954e-01,4.112627986348122988e-01,3.495934959349594195e-01,7.545787545787545625e-01,5.042796005706134954e-01
8.078947368421052211e-01,2.529644268774703386e-01,5.561497326203207470e-01,4.226804123711340733e-01,3.586956521739129711e-01,6.103448275862068950e-01,5.443037974683543334e-01,3.584905660377358805e-01,6.214511041009462833e-01,4.197952218430034410e-01,4.796747967479675911e-01,5.421245421245421969e-01,5.577746077032810224e-01
7.657894736842103534e-01,1.956521739130434867e-01,4.866310160427805842e-01,3.505154639175257492e-01,4.130434782608695121e-01,6.551724137931034253e-01,6.751054852320673705e-01,3.584905660377358805e-01,5.268138801261830206e-01,6.501706484641638362e-01,5.203252032520326864e-01,6.703296703296703907e-01,7.004279600570614273e-01
5.315789473684215949e-01,1.956521739130434867e-01,3.636363636363636465e-01,9.278350515463917869e-02,2.391304347826087584e-01,6.000000000000000888e-01,6.181434599156117038e-01,7.547169811320755817e-02,7.886435331230283730e-01,5.051194539249146409e-01,5.203252032520326864e-01,6.007326007326008188e-01,6.219686162624822323e-01
7.368421052631579649e-01,1.798418972332015697e-01,6.631016042780749631e-01,3.402061855670103219e-01,2.608695652173912416e-01,5.068965517241380558e-01,5.590717299578058519e-01,1.698113207547169712e-01,5.930599369085173267e-01,3.686006825938565878e-01,6.178861788617886486e-01,7.692307692307693845e-01,7.039942938659058402e-01
7.342105263157896466e-01,1.996047430830039937e-01,5.668449197860961908e-01,1.752577319587629301e-01,4.456521739130435700e-01,1.000000000000000000e+00,7.172995780590716297e-01,3.584905660377358805e-01,4.605678233438486036e-01,4.923208191126279276e-01,4.308943089430894990e-01,7.289377289377287905e-01,6.504992867332383133e-01
7.210526315789471674e-01,2.292490118577075464e-01,7.058823529411765163e-01,3.350515463917527192e-01,4.891304347826087584e-01,6.965517241379310942e-01,5.168776371308015927e-01,4.905660377358490587e-01,4.006309148264983744e-01,4.283276450511944722e-01,5.284552845528454057e-01,6.080586080586081188e-01,7.824536376604850352e-01
7.131578947368422128e-01,1.837944664031620767e-01,4.759358288770053624e-01,2.989690721649483907e-01,5.217391304347825942e-01,5.586206896551725309e-01,5.400843881856539630e-01,1.509433962264150886e-01,3.817034700315458107e-01,3.899317406143344433e-01,3.577235772357723609e-01,7.069597069597071126e-01,5.577746077032810224e-01
6.657894736842107086e-01,1.956521739130434867e-01,5.882352941176470784e-01,5.103092783505154273e-01,5.000000000000001110e-01,6.827586206896552046e-01,5.147679324894514075e-01,1.320754716981132060e-01,6.435331230283911630e-01,4.240614334470990121e-01,4.065040650406504530e-01,6.446886446886446187e-01,6.005706134094151993e-01
8.394736842105263719e-01,1.897233201581028095e-01,5.026737967914437499e-01,2.938144329896907880e-01,5.217391304347825942e-01,7.655172413793105424e-01,5.611814345991560371e-01,2.452830188679245016e-01,5.110410094637223288e-01,4.351535836177474748e-01,3.739837398373983546e-01,7.472527472527472625e-01,4.935805991440799234e-01
5.947368421052630083e-01,2.430830039525691821e-01,7.058823529411765163e-01,3.195876288659794673e-01,3.478260869565218405e-01,6.965517241379310942e-01,6.097046413502108519e-01,3.396226415094339979e-01,3.943217665615141865e-01,4.027303754266211566e-01,4.796747967479675911e-01,5.750915750915750468e-01,7.075606276747503642e-01
7.078947368421055764e-01,1.363636363636363813e-01,6.096256684491977440e-01,3.144329896907216426e-01,4.130434782608695121e-01,8.344827586206897685e-01,7.025316455696201112e-01,1.132075471698113234e-01,5.141955835962145338e-01,4.709897610921501832e-01,3.333333333333333148e-01,5.860805860805862189e-01,7.182596291012839362e-01
3.526315789473684070e-01,3.952569169960473694e-02,0.000000000000000000e+00,0.000000000000000000e+00,1.956521739130435700e-01,3.448275862068965747e-01,4.852320675105482872e-02,2.830188679245283501e-01,3.154574132492121707e-03,5.716723549488053613e-02,4.634146341463414864e-01,2.014652014652014711e-01,1.726105563480741789e-01
3.421052631578951342e-01,7.114624505928857090e-02,4.919786096256683061e-01,2.783505154639175361e-01,3.369565217391304879e-01,3.689655172413792705e-01,1.582278481012658333e-01,9.433962264150943522e-01,0.000000000000000000e+00,1.697952218430034133e-01,6.260162601626015899e-01,1.465201465201464992e-01,2.867332382310984196e-01
4.236842105263161073e-01,1.225296442687747456e-01,3.529411764705882026e-01,3.195876288659794673e-01,3.260869565217391353e-01,3.586206896551724643e-01,2.257383966244725371e-01,7.547169811320755262e-01,6.624605678233438932e-02,3.813993174061433011e-01,4.065040650406504530e-01,1.172161172161172993e-01,1.226818830242510650e-01
6.947368421052630971e-01,1.007905138339920958e-01,2.994652406417112056e-01,3.814432989690721421e-01,2.608695652173912416e-01,3.862068965517242436e-01,3.059071729957805186e-01,3.584905660377358805e-01,1.009463722397476448e-01,2.150170648464163337e-01,6.097560975609757072e-01,4.358974358974358476e-01,2.510699001426534016e-01
3.526315789473684070e-01,7.707509881422924813e-02,4.278074866310160873e-01,4.329896907216495006e-01,1.847826086956522174e-01,8.689655172413792705e-01,5.822784810126581112e-01,1.132075471698113234e-01,4.605678233438486036e-01,2.704778156996586747e-01,6.016260162601625439e-01,5.860805860805862189e-01,1.012838801711840320e-01
3.000000000000002665e-01,1.403162055335968328e-01,6.256684491978606877e-01,4.329896907216495006e-01,3.695652173913043237e-01,3.137931034482758230e-01,2.974683544303796667e-01,6.037735849056603543e-01,1.955835962145110463e-01,1.424914675767917915e-01,7.886178861788617489e-01,3.516483516483516758e-01,5.492154065620538650e-02
3.526315789473684070e-01,9.288537549407116511e-02,6.417112299465240755e-01,3.865979381443299667e-01,3.043478260869566521e-01,4.965517241379310276e-01,4.873417721518986667e-01,4.528301886792452935e-01,5.268138801261830206e-01,2.832764505119453879e-01,5.772357723577234978e-01,3.772893772893772257e-01,2.853067047075605878e-01
5.473684210526315042e-01,5.335968379446640042e-02,1.818181818181816567e-01,2.268041237113401776e-01,8.695652173913048788e-02,6.896551724137931494e-01,5.991561181434598149e-01,2.452830188679245016e-01,5.899053627760251217e-01,3.430034129692832723e-01,5.203252032520326864e-01,6.996336996336998126e-01,1.597717546362339702e-01
3.526315789473684070e-01,8.498023715415020662e-02,2.994652406417112056e-01,4.639175257731960045e-01,8.695652173913048788e-02,3.896551724137931050e-01,3.502109704641349630e-01,2.641509433962264675e-01,1.987381703470031957e-01,2.901023890784982795e-01,5.203252032520326864e-01,8.095238095238095344e-01,1.654778887303851864e-01
6.078947368421054875e-01,3.952569169960473694e-02,5.347593582887698593e-01,3.298969072164948946e-01,4.347826086956522174e-01,5.344827586206896131e-01,2.025316455696202222e-01,7.924528301886792914e-01,3.154574132492121707e-03,1.612627986348122711e-01,4.390243902439024404e-01,2.417582417582417320e-01,3.366619115549215335e-01
3.105263157894739834e-01,8.893280632411068587e-02,2.085561497326202662e-01,3.195876288659794673e-01,8.804347826086956763e-01,3.000000000000000444e-01,1.983122362869197963e-01,1.886792452830191036e-02,6.593059936908517438e-01,1.339590443686006771e-01,6.504065040650406360e-01,6.593406593406592187e-01,3.138373751783166687e-01
3.315789473684209732e-01,1.719367588932806667e-01,4.545454545454544748e-01,5.051546391752577136e-01,3.586956521739129711e-01,4.137931034482761339e-02,1.434599156118143148e-01,4.528301886792452935e-01,3.312302839116719189e-01,1.510238907849829337e-01,3.463414634146341764e-01,2.014652014652014711e-01,4.222539229671897765e-01
7.447368421052629195e-01,1.521739130434782983e-01,7.005347593582885724e-01,7.422680412371134295e-01,1.739130434782608647e-01,6.793103448275863432e-01,5.316455696202531112e-01,1.509433962264150886e-01,4.605678233438486036e-01,1.791808873720136253e-01,7.154471544715448328e-01,6.923076923076922906e-01,9.415121255349498397e-02
6.473684210526315930e-01,1.818181818181818510e-01,4.705882352941176405e-01,6.907216494845360710e-01,1.847826086956522174e-01,3.103448275862068506e-01,3.164556962025316111e-01,2.641509433962264675e-01,1.955835962145110463e-01,2.098976109215016927e-01,4.065040650406504530e-01,5.531135531135531469e-01,1.383737517831668817e-01
5.157894736842107974e-01,1.837944664031620767e-01,6.631016042780749631e-01,1.000000000000000000e+00,7.500000000000001110e-01,8.000000000000000444e-01,5.379746835443037778e-01,1.509433962264150886e-01,4.889589905362775601e-01,1.766211604095563048e-01,6.747967479674796820e-01,8.168498168498168344e-01,5.042796005706134954e-01
2.447368421052638077e-01,6.916996047430831740e-02,5.026737967914437499e-01,5.360824742268042176e-01,3.369565217391304879e-01,8.275862068965518237e-01,3.797468354430379445e-01,0.000000000000000000e+00,3.911671924290220925e-01,1.646757679180887168e-01,4.146341463414633943e-01,6.813186813186813406e-01,4.336661911554922089e-01
1.657894736842107086e-01,2.252964426877470394e-01,2.994652406417112056e-01,2.783505154639175361e-01,2.934782608695652995e-01,2.172413793103449287e-01,2.594936708860758889e-01,3.962264150943396457e-01,2.334384858044163957e-01,2.150170648464163337e-01,6.097560975609757072e-01,3.186813186813187149e-01,1.069900142653352482e-01
5.263157894736840703e-01,3.162055335968380620e-02,1.871657754010693786e-01,2.783505154639175361e-01,1.739130434782608647e-01,3.344827586206896575e-01,3.565400843881855741e-01,2.075471698113207364e-01,3.312302839116719189e-01,2.832764505119453879e-01,5.772357723577234978e-01,4.432234432234431476e-01,8.131241084165477528e-02
2.131578947368422128e-01,4.249011857707510886e-01,4.652406417112299186e-01,3.814432989690721421e-01,4.565217391304349226e-01,2.551724137931035141e-01,2.067510548523206482e-01,5.660377358490565891e-01,1.703470031545741281e-01,1.168941979522184205e-01,3.902439024390243483e-01,4.578754578754578586e-01,1.583452211126961384e-01
3.421052631578951342e-01,4.940711462450594893e-02,3.155080213903741493e-01,2.164948453608247503e-01,7.173913043478260532e-01,3.172413793103447954e-01,3.185654008438817963e-01,4.150943396226414173e-01,7.413249211356466306e-01,1.808873720136518759e-01,4.715447154471545388e-01,3.809523809523809867e-01,3.366619115549215335e-01
4.394736842105264607e-01,6.185770750988143218e-01,5.561497326203207470e-01,6.391752577319587125e-01,3.369565217391304879e-01,6.379310344827586743e-01,4.662447257383964816e-01,5.660377358490565891e-01,4.858044164037854662e-01,1.100682593856655012e-01,5.772357723577234978e-01,6.813186813186813406e-01,1.319543509272468051e-01
2.552631578947370805e-01,3.557312252964428545e-02,3.422459893048127588e-01,4.329896907216495006e-01,1.739130434782608647e-01,4.965517241379310276e-01,4.050632911392403890e-01,3.207547169811320042e-01,3.217665615141955815e-01,1.040955631399317349e-01,7.317073170731707155e-01,6.776556776556776907e-01,0.000000000000000000e+00
4.447368421052635412e-01,2.114624505928854037e-01,4.491978609625669749e-01,4.226804123711340733e-01,1.739130434782608647e-01,4.206896551724138567e-01,4.620253164556961112e-01,2.452830188679245016e-01,4.290220820189274420e-01,2.235494880546074759e-01,5.528455284552844518e-01,6.849816849816849906e-01,3.109843081312411162e-01
2.763157894736845144e-01,7.707509881422924813e-02,6.149732620320854659e-01,6.907216494845360710e-01,8.695652173913048788e-02,3.517241379310345195e-01,2.616033755274261297e-01,5.094339622641509413e-01,3.123028391167191886e-01,7.849829351535836386e-02,6.747967479674796820e-01,5.311355311355312470e-01,2.510699001426534016e-01
5.315789473684215949e-01,6.166007905138339851e-01,5.133689839572191937e-01,6.134020618556701443e-01,1.630434782608696231e-01,2.310344827586207073e-01,2.637130801687763149e-01,9.056603773584903649e-01,3.817034700315458107e-01,3.003412969283275613e-01,2.926829268292682751e-01,2.710622710622709319e-01,1.690442225392296549e-01
2.131578947368422128e-01,2.964426877470355270e-02,6.524064171122995193e-01,3.814432989690721421e-01,2.608695652173912416e-01,4.206896551724138567e-01,3.945147679324894074e-01,1.698113207547169712e-01,6.119873817034700014e-01,1.510238907849829337e-01,2.520325203252033464e-01,6.630036630036630907e-01,1.726105563480741789e-01
4.315789473684210620e-01,4.743083003952569543e-02,4.705882352941176405e-01,3.814432989690721421e-01,3.152173913043477826e-01,4.206896551724138567e-01,3.375527426160336852e-01,3.207547169811320042e-01,3.312302839116719189e-01,1.143344709897611000e-01,6.097560975609757072e-01,6.923076923076922906e-01,1.226818830242510650e-01
2.973684210526319482e-01,1.719367588932806667e-01,5.080213903743314718e-01,6.288659793814432852e-01,2.173913043478261642e-01,2.758620689655172376e-01,2.848101265822784445e-01,5.660377358490565891e-01,3.627760252365930804e-01,9.982935153583619159e-02,6.910569105691057867e-01,3.626373626373625148e-01,1.547788873038516144e-01
1.631578947368423904e-01,1.837944664031620767e-01,6.737967914438501849e-01,7.938144329896907880e-01,1.956521739130435700e-01,3.241379310344827402e-01,2.679324894514767408e-01,5.094339622641509413e-01,2.933753943217665694e-01,1.126279863481228771e-01,7.154471544715448328e-01,7.106227106227105406e-01,2.025677603423680362e-01
1.605263157894740722e-01,2.608695652173913526e-01,5.882352941176470784e-01,5.670103092783507215e-01,1.521739130434782705e-01,3.344827586206896575e-01,2.848101265822784445e-01,6.603773584905660021e-01,2.965299684542587189e-01,1.296928327645051060e-01,4.227642276422764467e-01,5.421245421245421969e-01,2.867332382310984196e-01
2.763157894736845144e-01,1.166007905138340128e-01,5.026737967914437499e-01,6.701030927835052164e-01,0.000000000000000000e+00,4.206896551724138567e-01,2.637130801687763149e-01,5.471698113207547065e-01,3.059936908517350007e-01,3.924914675767918193e-02,4.796747967479675911e-01,7.106227106227105406e-01,2.475035663338088499e-01
2.763157894736845144e-01,2.154150197628459107e-01,5.133689839572191937e-01,4.072164948453608213e-01,1.195652173913044347e-01,2.137931034482759562e-01,2.447257383966244260e-01,7.358490566037735325e-01,3.880126182965298876e-01,9.556313993174059274e-02,4.878048780487805325e-01,3.663003663003662758e-01,1.440798858773180979e-01
2.552631578947370805e-01,1.521739130434782983e-01,5.668449197860961908e-01,5.876288659793815761e-01,1.739130434782608647e-01,1.620689655172413701e-01,1.919831223628691852e-01,6.981132075471697673e-01,3.848580441640377936e-01,1.979522184300341048e-01,4.634146341463414864e-01,5.054945054945054750e-01,1.226818830242510650e-01
4.368421052631581425e-01,1.561264822134387498e-01,4.812834224598928623e-01,5.206185567010308546e-01,1.086956521739130821e-01,1.379310344827586188e-01,2.362869198312235741e-01,8.490566037735847171e-01,3.817034700315458107e-01,1.510238907849829337e-01,3.902439024390243483e-01,2.893772893772894039e-01,1.547788873038516144e-01
3.315789473684209732e-01,4.130434782608696231e-01,4.598930481283421967e-01,3.814432989690721421e-01,1.956521739130435700e-01,5.068965517241380558e-01,4.029535864978902593e-01,2.264150943396226190e-01,4.984227129337539530e-01,7.423208191126279276e-02,5.447154471544715104e-01,7.435897435897436125e-01,8.559201141226796539e-03
1.552631578947369917e-01,2.470355731225296891e-01,4.919786096256683061e-01,3.814432989690721421e-01,3.043478260869566521e-01,7.034482758620690390e-01,4.050632911392403890e-01,7.547169811320755817e-02,2.965299684542587189e-01,1.680887372013651626e-01,5.528455284552844518e-01,6.190476190476190688e-01,4.778887303851639401e-02
3.789473684210529214e-01,1.541501976284585240e-01,4.491978609625669749e-01,4.329896907216495006e-01,1.000000000000000000e+00,5.241379310344828069e-01,4.071729957805906297e-01,3.584905660377358805e-01,9.053627760252364043e-01,1.126279863481228771e-01,5.528455284552844518e-01,4.981684981684981195e-01,4.700427960057061982e-01
2.052631578947372581e-01,2.727272727272728181e-01,7.379679144385026257e-01,5.618556701030927858e-01,6.956521739130435700e-01,2.137931034482759562e-01,1.371308016877637037e-01,1.886792452830191036e-02,3.627760252365930804e-01,1.040955631399317349e-01,3.821138211382114069e-01,3.626373626373625148e-01,2.475035663338088499e-01
3.315789473684209732e-01,1.324110671936758743e-01,3.315508021390373150e-01,2.783505154639175361e-01,1.630434782608696231e-01,5.413793103448275579e-01,4.556962025316455556e-01,3.018867924528301216e-01,4.290220820189274420e-01,1.382252559726962204e-01,6.097560975609757072e-01,5.384615384615385469e-01,1.069900142653352482e-01
3.526315789473684070e-01,6.521739130434783815e-02,3.957219251336897559e-01,4.072164948453608213e-01,1.956521739130435700e-01,8.758620689655172153e-01,7.194092827004218149e-01,2.075471698113207364e-01,4.858044164037854662e-01,2.747440273037542458e-01,4.552845528455285451e-01,5.494505494505494969e-01,2.724679029957204346e-01
3.315789473684209732e-01,4.802371541501976315e-01,4.545454545454544748e-01,3.814432989690721421e-01,1.956521739130435700e-01,6.448275862068966191e-01,5.590717299578058519e-01,6.037735849056603543e-01,7.570977917981072114e-01,8.703071672354947830e-02,7.642276422764227028e-01,5.714285714285713969e-01,9.129814550641937587e-02
2.763157894736845144e-01,2.648221343873518041e-01,1.818181818181816567e-01,3.556701030927835738e-01,2.934782608695652995e-01,4.310344827586207739e-01,3.860759493670885556e-01,2.452830188679245016e-01,3.123028391167191886e-01,1.723549488054607337e-01,6.422764227642276946e-01,6.190476190476190688e-01,3.081312410841654525e-01
4.131578947368423904e-01,1.185770750988142386e-01,2.887700534759357618e-01,4.072164948453608213e-01,1.956521739130435700e-01,1.620689655172413701e-01,2.151898734177215000e-01,3.018867924528301216e-01,2.965299684542587189e-01,9.982935153583619159e-02,4.552845528455285451e-01,5.494505494505494969e-01,2.025677603423680362e-01
3.447368421052634524e-01,3.379446640316206008e-01,5.882352941176470784e-01,5.360824742268042176e-01,3.043478260869566521e-01,5.448275862068966413e-01,3.734177215189872778e-01,3.962264150943396457e-01,2.839116719242902320e-01,1.296928327645051060e-01,2.601626016260162877e-01,7.728937728937728124e-01,1.141226818830242407e-01
2.078947368421055764e-01,1.936758893280632610e-01,2.780748663101603180e-01,4.587628865979380688e-01,1.739130434782608647e-01,5.241379310344828069e-01,2.742616033755273519e-01,4.528301886792452935e-01,3.186119873817034320e-01,6.655290102389077589e-02,3.739837398373983546e-01,4.285714285714285476e-01,9.771754636233950797e-02
3.894736842105266383e-01,1.956521739130434867e-01,3.315508021390373150e-01,5.103092783505154273e-01,1.630434782608696231e-01,4.206896551724138567e-01,3.333333333333332593e-01,3.584905660377358805e-01,3.375394321766561623e-01,1.416382252559726662e-01,4.552845528455285451e-01,8.424908424908423843e-01,2.810271041369472034e-01
3.657894736842108863e-01,3.577075098814228582e-01,4.866310160427805842e-01,5.876288659793815761e-01,2.173913043478261642e-01,2.413793103448276245e-01,3.164556962025316111e-01,1.000000000000000000e+00,3.186119873817034320e-01,1.211604095563139916e-01,3.089430894308943798e-01,7.435897435897436125e-01,2.639087018544936103e-02
3.210526315789477003e-01,1.956521739130434867e-01,4.064171122994651997e-01,4.329896907216495006e-01,1.086956521739130821e-01,2.310344827586207073e-01,3.565400843881855741e-01,4.528301886792452935e-01,3.848580441640377936e-01,1.808873720136518759e-01,4.227642276422764467e-01,6.959706959706959406e-01,1.654778887303851864e-01
4.447368421052635412e-01,1.996047430830039937e-01,4.919786096256683061e-01,6.134020618556701443e-01,1.521739130434782705e-01,1.379310344827586188e-01,2.995780590717299074e-01,6.603773584905660021e-01,3.848580441640377936e-01,1.723549488054607337e-01,3.252032520325203735e-01,4.212454212454212477e-01,1.497860199714693141e-01
3.131578947368423016e-01,1.086956521739130543e-01,3.101604278074864274e-01,4.329896907216495006e-01,2.391304347826087584e-01,4.758620689655171931e-01,3.586497890295358149e-01,4.905660377358490587e-01,5.268138801261830206e-01,1.211604095563139916e-01,3.089430894308943798e-01,6.410256410256409687e-01,2.425106990014264108e-02
1.526315789473686735e-01,1.205533596837945198e-01,7.165775401069519601e-01,4.845360824742268591e-01,2.608695652173912416e-01,6.068965517241380336e-01,5.443037974683543334e-01,3.018867924528301216e-01,6.561514195583596498e-01,1.168941979522184205e-01,3.902439024390243483e-01,7.289377289377287905e-01,2.867332382310984196e-01
1.131578947368425681e-01,5.928853754940712761e-01,2.459893048128342086e-01,4.587628865979380688e-01,4.021739130434783815e-01,7.586206896551725976e-01,4.725738396624471482e-01,2.075471698113207364e-01,9.999999999999998890e-01,1.382252559726962204e-01,2.195121951219512479e-01,5.641025641025640969e-01,2.025677603423680362e-01
3.921052631578949565e-01,3.339920948616601493e-01,4.331550802139035872e-01,5.360824742268042176e-01,1.956521739130435700e-01,5.413793103448275579e-01,4.071729957805906297e-01,2.452830188679245016e-01,2.555205047318612199e-01,6.143344709897610723e-02,3.414634146341463672e-01,5.531135531135531469e-01,3.352353780313835352e-02
1.921052631578947789e-01,3.833992094861660149e-01,8.342245989304811760e-01,4.845360824742268591e-01,3.586956521739129711e-01,2.655172413793103203e-01,3.565400843881855741e-01,8.867924528301884823e-01,2.018927444794952897e-01,2.150170648464163337e-01,6.097560975609757072e-01,4.505494505494505586e-01,2.346647646219686412e-01
1.000000000000005329e-01,0.000000000000000000e+00,6.096256684491977440e-01,5.360824742268042176e-01,1.956521739130435700e-01,5.172413793103448620e-01,3.523206751054851482e-01,5.471698113207547065e-01,3.249211356466876754e-01,1.535836177474402542e-01,5.040650406504065817e-01,3.809523809523809867e-01,1.112696148359486326e-01
2.763157894736845144e-01,1.284584980237154228e-01,6.096256684491977440e-01,6.134020618556701443e-01,1.521739130434782705e-01,5.448275862068966413e-01,4.113924050632910556e-01,5.660377358490565891e-01,1.987381703470031957e-01,1.382252559726962204e-01,3.658536585365854132e-01,7.032967032967032406e-01,7.631954350927247499e-02
0.000000000000000000e+00,1.521739130434782983e-01,4.491978609625669749e-01,5.618556701030927858e-01,1.630434782608696231e-01,5.103448275862069172e-01,3.860759493670885556e-01,7.358490566037735325e-01,5.047318611987381409e-01,5.290102389078496503e-02,1.000000000000000000e+00,5.860805860805862189e-01,9.201141226818829177e-02
2.078947368421055764e-01,1.442687747035573398e-01,3.368983957219250369e-01,5.257731958762887903e-01,1.739130434782608647e-01,3.448275862068965747e-01,2.658227848101265556e-01,3.207547169811320042e-01,3.533123028391167431e-01,5.716723549488053613e-02,3.821138211382114069e-01,7.545787545787545625e-01,1.547788873038516144e-01
3.657894736842108863e-01,1.719367588932806667e-01,4.438502673796790310e-01,6.134020618556701443e-01,4.130434782608695121e-01,3.517241379310345195e-01,3.691983122362868519e-01,3.962264150943396457e-01,3.785488958990536057e-01,6.655290102389077589e-02,4.715447154471545388e-01,6.190476190476190688e-01,4.778887303851639401e-02
4.578947368421051323e-01,5.316205533596838340e-01,3.315508021390373150e-01,2.783505154639175361e-01,1.086956521739130821e-01,2.241379310344827624e-01,1.919831223628691852e-01,5.660377358490565891e-01,1.324921135646687786e-01,1.808873720136518759e-01,1.788617886178862082e-01,3.113553113553114149e-01,6.704707560627673479e-02
2.552631578947370805e-01,5.316205533596838340e-01,3.422459893048127588e-01,4.329896907216495006e-01,1.847826086956522174e-01,3.517241379310345195e-01,2.742616033755273519e-01,4.528301886792452935e-01,4.605678233438486036e-01,0.000000000000000000e+00,3.658536585365854132e-01,6.520146520146519187e-01,2.039942938659058680e-01
1.105263157894738058e-01,3.280632411067193610e-01,5.668449197860961908e-01,4.845360824742268591e-01,2.826086956521739468e-01,6.620689655172413701e-01,5.168776371308015927e-01,3.584905660377358805e-01,4.479495268138801167e-01,1.680887372013651626e-01,2.601626016260162877e-01,7.765567765567766845e-01,2.475035663338088499e-01
1.394736842105266383e-01,2.588932806324110159e-01,9.999999999999998890e-01,9.226804123711340733e-01,5.326086956521739468e-01,7.586206896551725976e-01,9.999999999999997780e-01,6.415094339622640085e-01,4.605678233438486036e-01,4.027303754266211566e-01,3.658536585365854132e-01,8.864468864468864062e-01,1.333808844507845814e-01
3.657894736842108863e-01,7.292490118577075187e-01,7.326203208556149038e-01,8.195876288659793563e-01,3.478260869565218405e-01,4.206896551724138567e-01,3.776371308016877038e-01,5.660377358490565891e-01,4.100946372239747673e-01,6.825938566552902653e-02,3.577235772357723609e-01,6.776556776556776907e-01,6.205420827389443450e-02
5.315789473684215949e-01,1.000000000000000000e+00,4.117647058823529216e-01,5.618556701030927858e-01,1.739130434782608647e-01,5.655172413793104758e-01,4.873417721518986667e-01,3.207547169811320042e-01,5.047318611987381409e-01,1.126279863481228771e-01,2.032520325203252543e-01,6.703296703296703907e-01,7.275320970042795099e-02
2.210526315789476115e-01,7.055335968379446987e-01,5.508021390374332471e-01,5.360824742268042176e-01,1.304347826086956763e-01,6.482758620689654805e-01,5.675105485232065927e-01,1.509433962264150886e-01,7.886435331230283730e-01,1.296928327645051060e-01,2.195121951219512479e-01,8.681318681318681563e-01,7.275320970042795099e-02
2.736842105263161962e-01,2.806324110671937211e-01,4.331550802139035872e-01,5.360824742268042176e-01,1.630434782608696231e-01,5.586206896551725309e-01,4.873417721518986667e-01,4.528301886792452935e-01,2.965299684542587189e-01,1.262798634812286325e-01,3.089430894308943798e-01,7.362637362637363125e-01,7.132667617689017470e-02
3.684210526315792045e-01,1.561264822134387498e-01,4.973262032085560280e-01,5.618556701030927858e-01,1.739130434782608647e-01,6.068965517241380336e-01,5.928270042194091483e-01,4.905660377358490587e-01,4.290220820189274420e-01,2.269624573378839216e-01,1.707317073170731558e-01,5.750915750915750468e-01,5.278174037089869430e-02
2.000000000000001776e-01,2.747035573122529328e-01,7.593582887700532913e-01,9.226804123711340733e-01,2.391304347826087584e-01,3.965517241379310498e-01,4.008438818565400741e-01,8.490566037735847171e-01,4.258675078864353480e-01,1.467576791808873626e-01,3.983739837398374006e-01,4.285714285714285476e-01,1.340941512125534973e-01
3.526315789473684070e-01,1.758893280632411182e-01,5.026737967914437499e-01,7.164948453608248613e-01,1.956521739130435700e-01,4.275862068965518015e-01,4.451476793248945185e-01,5.094339622641509413e-01,4.700315457413248854e-01,7.167235494880547231e-02,3.333333333333333148e-01,5.531135531135531469e-01,4.564907275320970181e-02
2.657894736842103534e-01,7.035573122529644730e-01,5.454545454545453032e-01,5.876288659793815761e-01,1.086956521739130821e-01,3.862068965517242436e-01,2.974683544303796667e-01,5.471698113207547065e-01,2.965299684542587189e-01,1.126279863481228771e-01,2.520325203252033464e-01,4.761904761904761085e-01,2.154065620542082449e-01
4.815789473684208843e-01,1.205533596837945198e-01,5.133689839572191937e-01,3.814432989690721421e-01,5.652173913043477826e-01,1.827586206896552046e-01,1.919831223628691852e-01,1.509433962264150886e-01,1.671924290220820342e-01,2.406143344709897047e-01,2.276422764227643003e-01,7.326007326007355491e-03,2.510699001426534016e-01
4.868421052631584089e-01,4.446640316205534571e-01,5.561497326203207470e-01,4.845360824742268591e-01,3.695652173913043237e-01,1.103448275862069505e-01,1.856540084388185186e-01,2.075471698113207364e-01,1.324921135646687786e-01,3.515358361774744145e-01,2.113821138211381956e-01,5.494505494505491638e-02,1.797432239657631714e-01
4.684210526315792933e-01,3.102766798418973293e-01,5.561497326203207470e-01,6.907216494845360710e-01,3.043478260869566521e-01,5.862068965517241992e-02,1.582278481012658333e-01,2.641509433962264675e-01,1.324921135646687786e-01,3.771331058020477300e-01,1.463414634146342208e-01,3.296703296703301644e-02,2.011412268188302599e-01
4.394736842105264607e-01,5.553359683794466539e-01,5.347593582887698593e-01,5.618556701030927858e-01,3.913043478260870289e-01,2.482758620689655693e-01,1.814345991561180926e-01,7.547169811320755817e-02,1.356466876971608726e-01,3.174061433447098457e-01,2.439024390243902940e-01,7.326007326007355491e-03,2.296718972895862854e-01
3.894736842105266383e-01,9.881422924901187010e-02,4.759358288770053624e-01,3.556701030927835738e-01,1.630434782608696231e-01,3.517241379310345195e-01,5.063291139240504168e-02,8.867924528301884823e-01,2.649842271293375573e-01,3.558020477815699856e-01,2.195121951219512479e-01,8.791208791208787732e-02,2.653352353780313866e-01
4.131578947368423904e-01,3.399209486166008265e-01,4.491978609625669749e-01,4.072164948453608213e-01,2.608695652173912416e-01,2.206896551724139011e-01,6.751054852320674537e-02,9.433962264150943522e-01,1.671924290220820342e-01,4.965870307167234987e-01,2.032520325203252543e-01,1.135531135531135383e-01,2.974322396576319916e-01
3.210526315789477003e-01,7.865612648221343983e-01,6.310160427807486316e-01,5.360824742268042176e-01,2.065217391304348116e-01,1.379310344827586188e-01,2.742616033755272686e-02,7.547169811320755262e-01,1.230283911671924413e-01,2.192832764505119603e-01,2.195121951219512479e-01,0.000000000000000000e+00,3.152639087018545005e-01
3.947368421052632748e-01,9.426877470355732314e-01,6.844919786096256287e-01,7.422680412371134295e-01,2.826086956521739468e-01,2.793103448275862100e-01,5.485232067510546761e-02,9.433962264150943522e-01,2.176656151419558705e-01,3.174061433447098457e-01,2.764227642276422814e-01,1.538461538461537992e-01,1.690442225392296549e-01
6.473684210526315930e-01,5.632411067193675569e-01,4.438502673796790310e-01,4.587628865979380688e-01,1.956521739130435700e-01,2.206896551724139011e-01,2.953586497890293983e-02,8.490566037735847171e-01,1.482649842271293594e-01,3.771331058020477300e-01,2.682926829268293401e-01,2.014652014652014711e-01,2.154065620542082449e-01
4.763157894736842479e-01,4.387351778656126688e-01,6.684491978609624629e-01,6.907216494845360710e-01,3.369565217391304879e-01,4.620689655172414145e-01,5.485232067510546761e-02,7.547169811320755262e-01,1.261829652996845907e-01,3.105802047781569541e-01,3.333333333333333148e-01,3.223443223443222538e-01,2.225392296718972929e-01
5.000000000000000000e-01,4.090909090909091717e-01,7.165775401069519601e-01,5.360824742268042176e-01,2.826086956521739468e-01,1.931034482758621218e-01,3.375527426160336575e-02,7.547169811320755262e-01,1.072555205047318605e-01,2.832764505119453879e-01,2.357723577235772416e-01,3.809523809523809867e-01,2.296718972895862854e-01
6.131578947368421240e-01,3.596837944664031950e-01,5.294117647058823595e-01,4.845360824742268591e-01,2.065217391304348116e-01,1.448275862068965636e-01,3.375527426160336575e-02,4.528301886792452935e-01,7.255520504731863274e-02,3.686006825938565878e-01,1.788617886178862082e-01,4.395604395604396086e-01,3.580599144079885665e-01
6.552631578947369917e-01,4.802371541501976315e-01,7.272727272727274039e-01,6.649484536082475028e-01,2.934782608695652995e-01,1.965517241379310942e-01,3.797468354430379167e-02,6.981132075471697673e-01,4.416403785488962064e-02,2.619453924914675325e-01,3.333333333333333148e-01,2.893772893772894039e-01,1.726105563480741789e-01
6.815789473684210620e-01,8.320158102766799235e-01,5.294117647058823595e-01,4.845360824742268591e-01,2.391304347826087584e-01,3.517241379310345195e-01,9.704641350210969908e-02,6.415094339622640085e-01,1.924290220820189523e-01,2.662116040955631036e-01,3.495934959349594195e-01,2.857142857142856429e-01,1.940085592011412119e-01
3.210526315789477003e-01,6.205533596837945476e-01,4.491978609625669749e-01,4.072164948453608213e-01,4.565217391304349226e-01,1.379310344827586188e-01,9.282700421940927316e-02,3.018867924528301216e-01,2.302839116719242463e-01,5.912969283276451327e-01,1.382113821138211684e-01,2.673992673992673930e-01,4.115549215406562045e-01
5.605263157894739834e-01,5.592885375494071054e-01,4.224598930481281434e-01,5.360824742268042176e-01,3.478260869565218405e-01,1.793103448275862322e-01,4.430379746835443056e-02,5.660377358490565891e-01,2.807570977917981381e-01,2.320819112627986180e-01,9.756097560975612870e-02,1.501831501831501492e-01,3.937232524964336955e-01
7.500000000000004441e-01,8.498023715415020662e-01,4.652406417112299186e-01,4.845360824742268591e-01,1.086956521739130821e-01,0.000000000000000000e+00,0.000000000000000000e+00,5.094339622641509413e-01,8.517350157728709181e-02,3.088737201365188145e-01,8.130081300813007950e-02,2.197802197802201096e-02,9.771754636233950797e-02
4.842105263157896466e-01,7.648221343873519151e-01,5.989304812834223002e-01,5.618556701030927858e-01,1.739130434782608647e-01,2.482758620689655693e-01,6.540084388185653241e-02,6.415094339622640085e-01,1.419558359621451160e-01,5.435153583617747808e-01,4.878048780487809211e-02,2.161172161172161821e-01,2.475035663338088499e-01
6.026315789473688511e-01,4.940711462450593228e-01,5.454545454545453032e-01,5.618556701030927858e-01,2.391304347826087584e-01,3.275862068965517127e-01,8.860759493670884723e-02,6.037735849056603543e-01,2.649842271293375573e-01,6.092150170648463758e-01,5.691056910569114446e-02,1.282051282051282493e-01,2.653352353780313866e-01
5.394736842105265495e-01,6.245059288537549991e-01,5.347593582887698593e-01,5.618556701030927858e-01,4.673913043478260532e-01,1.482758620689655360e-01,2.215189873417721111e-01,3.962264150943396457e-01,2.302839116719242463e-01,6.928327645051194361e-01,7.317073170731708265e-02,2.197802197802201096e-02,1.940085592011412119e-01
6.499999999999999112e-01,4.703557312252965028e-01,6.737967914438501849e-01,6.907216494845360710e-01,5.760869565217391353e-01,1.448275862068965636e-01,2.594936708860758889e-01,1.698113207547169712e-01,2.649842271293375573e-01,6.245733788395904096e-01,8.943089430894307634e-02,1.098901098901100548e-02,1.583452211126961384e-01
4.631578947368422128e-01,3.814229249011857892e-01,5.989304812834223002e-01,5.876288659793815761e-01,4.565217391304349226e-01,1.724137931034482873e-01,2.151898734177215000e-01,2.075471698113207364e-01,2.681388012618296512e-01,8.122866894197952048e-01,0.000000000000000000e+00,7.326007326007327736e-02,1.440798858773180979e-01
5.473684210526315042e-01,2.292490118577075464e-01,7.433155080213903476e-01,7.680412371134022198e-01,5.000000000000001110e-01,4.206896551724138567e-01,1.983122362869197963e-01,2.452830188679245016e-01,3.627760252365930804e-01,4.965870307167234987e-01,1.056910569105691255e-01,2.197802197802201096e-02,1.048502139800285005e-01
5.789473684210530990e-01,5.059288537549406772e-01,4.919786096256683061e-01,4.072164948453608213e-01,3.043478260869566521e-01,2.827586206896551824e-01,1.033755274261603102e-01,9.056603773584903649e-01,4.605678233438486036e-01,7.883959044368600289e-01,6.504065040650414131e-02,8.791208791208787732e-02,2.831669044222538956e-01
4.078947368421053099e-01,1.086956521739130543e-01,3.957219251336897559e-01,4.845360824742268591e-01,3.586956521739129711e-01,1.724137931034482873e-01,5.063291139240504168e-02,7.547169811320755262e-01,3.123028391167191886e-01,5.392491467576790987e-01,8.130081300813007950e-02,1.025641025641025883e-01,2.582025677603423386e-01
5.631578947368423016e-01,8.794466403162057855e-01,5.133689839572191937e-01,5.876288659793815761e-01,2.500000000000001110e-01,2.620689655172414589e-01,6.118143459915610649e-02,9.056603773584903649e-01,3.596214511041009865e-01,5.648464163822525252e-01,9.756097560975612870e-02,7.692307692307692735e-02,3.188302425106990245e-01
7.394736842105262831e-01,6.679841897233201875e-01,5.454545454545453032e-01,4.587628865979380688e-01,2.065217391304348116e-01,2.827586206896551824e-01,1.033755274261603102e-01,6.603773584905660021e-01,3.627760252365930804e-01,6.595563139931740482e-01,7.317073170731708265e-02,1.355311355311355492e-01,1.440798858773180979e-01
3.736842105263158409e-01,4.525691699604742491e-01,6.844919786096256287e-01,8.453608247422681465e-01,2.934782608695652995e-01,3.172413793103447954e-01,5.063291139240504168e-02,9.433962264150943522e-01,2.302839116719242463e-01,5.307167235494880675e-01,1.544715447154471621e-01,1.684981684981685102e-01,4.293865905848788245e-01
8.710526315789475227e-01,1.857707509881423025e-01,7.165775401069519601e-01,7.422680412371134295e-01,3.043478260869566521e-01,6.275862068965517571e-01,2.046413502109704075e-01,7.547169811320755262e-01,7.223974763406940669e-01,9.999999999999998890e-01,7.317073170731708265e-02,2.527472527472526820e-01,2.724679029957204346e-01
6.447368421052632748e-01,1.837944664031620767e-01,6.844919786096256287e-01,6.134020618556701443e-01,2.065217391304348116e-01,5.586206896551725309e-01,1.603375527426160185e-01,7.358490566037735325e-01,5.930599369085173267e-01,8.933447098976109446e-01,7.317073170731708265e-02,1.868131868131868711e-01,2.439372325249643259e-01
3.500000000000000888e-01,6.106719367588933078e-01,5.454545454545453032e-01,5.360824742268042176e-01,1.956521739130435700e-01,4.551724137931034697e-01,1.223628691983122269e-01,6.981132075471697673e-01,1.987381703470031957e-01,5.435153583617747808e-01,6.504065040650414131e-02,1.135531135531135383e-01,1.726105563480741789e-01
7.000000000000001776e-01,4.980237154150197743e-01,6.310160427807486316e-01,4.845360824742268591e-01,4.021739130434783815e-01,2.931034482758620996e-01,4.641350210970464352e-02,6.981132075471697673e-01,1.230283911671924413e-01,3.924914675767917638e-01,3.902439024390243483e-01,2.014652014652014711e-01,2.867332382310984196e-01
4.789473684210525661e-01,5.000000000000000000e-01,6.524064171122995193e-01,5.876288659793815761e-01,3.913043478260870289e-01,2.310344827586207073e-01,5.485232067510546761e-02,8.867924528301884823e-01,1.735015772870662221e-01,3.668941979522184482e-01,3.170731707317073211e-01,3.076923076923076539e-01,2.082738944365192524e-01
5.078947368421058428e-01,5.355731225296443965e-01,5.294117647058823595e-01,4.072164948453608213e-01,3.913043478260870289e-01,1.413793103448275912e-01,7.594936708860756946e-02,5.094339622641509413e-01,1.671924290220820342e-01,3.412969283276450216e-01,1.626016260162602145e-01,1.758241758241758101e-01,2.831669044222538956e-01
7.236842105263159297e-01,3.992094861660079319e-01,5.026737967914437499e-01,5.876288659793815761e-01,2.173913043478261642e-01,1.275862068965517571e-01,7.172995780590717130e-02,5.283018867924527129e-01,1.955835962145110463e-01,7.081911262798634699e-01,1.788617886178862082e-01,1.501831501831501492e-01,2.403708987161198019e-01
7.105263157894738946e-01,7.154150197628459384e-01,4.812834224598928623e-01,6.134020618556701443e-01,1.956521739130435700e-01,1.034482758620690057e-01,2.742616033755272686e-02,7.358490566037735325e-01,2.334384858044163957e-01,4.556313993174061494e-01,2.439024390243902940e-01,1.758241758241758101e-01,1.726105563480741789e-01
6.368421052631578760e-01,5.849802371541502621e-01,6.631016042780749631e-01,6.391752577319587125e-01,4.456521739130435700e-01,2.482758620689655693e-01,1.223628691983122269e-01,5.660377358490565891e-01,3.312302839116719189e-01,8.020477815699658120e-01,3.008130081300813274e-01,1.062271062271062383e-01,2.974322396576319916e-01
4.710526315789476115e-01,5.197628458498024795e-01,5.026737967914437499e-01,4.587628865979380688e-01,1.956521739130435700e-01,1.724137931034482873e-01,6.751054852320674537e-02,5.094339622641509413e-01,1.766561514195583715e-01,7.662116040955631036e-01,1.951219512195122019e-01,1.758241758241758101e-01,2.902995720399429436e-01
6.710526315789473450e-01,3.636363636363636465e-01,7.112299465240640162e-01,7.164948453608248613e-01,3.804347826086956763e-01,1.965517241379310942e-01,1.054852320675105232e-01,4.905660377358490587e-01,3.564668769716088370e-01,6.296928327645051615e-01,2.113821138211381956e-01,1.941391941391941711e-01,3.366619115549215335e-01
6.236842105263158409e-01,7.628458498023715784e-01,8.021390374331550666e-01,7.422680412371134295e-01,4.565217391304349226e-01,3.448275862068965747e-01,1.308016877637130371e-01,2.641509433962264675e-01,2.208201892744479644e-01,6.160409556313992674e-01,1.544715447154471621e-01,2.380952380952380820e-01,2.510699001426534016e-01
3.078947368421052211e-01,4.525691699604742491e-01,5.133689839572191937e-01,4.329896907216495006e-01,2.826086956521739468e-01,9.310344827586208849e-02,3.164556962025315279e-02,5.094339622641509413e-01,1.009463722397476448e-01,3.600682593856655567e-01,1.463414634146342208e-01,2.051282051282051211e-01,1.654778887303851864e-01
4.578947368421051323e-01,3.260869565217392463e-01,4.919786096256683061e-01,4.587628865979380688e-01,1.739130434782608647e-01,1.413793103448275912e-01,3.586497890295357871e-02,6.603773584905660021e-01,7.255520504731863274e-02,7.354947952218429119e-01,7.317073170731708265e-02,1.318681318681317882e-01,1.369472182596291054e-01
8.236842105263160185e-01,3.498023715415019552e-01,5.989304812834223002e-01,4.845360824742268591e-01,2.282608695652174058e-01,2.413793103448276245e-01,7.594936708860756946e-02,5.849056603773584717e-01,2.618296529968454078e-01,7.184300341296927517e-01,1.138211382113821224e-01,1.611721611721612102e-01,2.724679029957204346e-01
7.052631578947372581e-01,9.703557312252966138e-01,5.828877005347593565e-01,5.103092783505154273e-01,2.717391304347825942e-01,2.413793103448276245e-01,5.696202531645568057e-02,7.358490566037735325e-01,2.050473186119873836e-01,5.477815699658703519e-01,1.300813008130081161e-01,1.721611721611721602e-01,3.295292439372325966e-01
6.236842105263158409e-01,6.264822134387352248e-01,5.989304812834223002e-01,6.391752577319587125e-01,3.478260869565218405e-01,2.827586206896551824e-01,8.649789029535863427e-02,5.660377358490565891e-01,3.154574132492113381e-01,5.136518771331057831e-01,1.788617886178862082e-01,1.062271062271062383e-01,3.366619115549215335e-01
5.894736842105263719e-01,6.996047430830040215e-01,4.812834224598928623e-01,4.845360824742268591e-01,5.434782608695652995e-01,2.103448275862069838e-01,7.383966244725735650e-02,5.660377358490565891e-01,2.965299684542587189e-01,7.610921501706483516e-01,8.943089430894307634e-02,1.062271062271062383e-01,3.972895863052782195e-01
5.631578947368423016e-01,3.656126482213438722e-01,5.401069518716578033e-01,4.845360824742268591e-01,5.434782608695652995e-01,2.310344827586207073e-01,7.172995780590717130e-02,7.547169811320755262e-01,3.312302839116719189e-01,6.843003412969284049e-01,9.756097560975612870e-02,1.282051282051282493e-01,4.008559201141227435e-01
8.157894736842106198e-01,6.640316205533596250e-01,7.379679144385026257e-01,7.164948453608248613e-01,2.826086956521739468e-01,3.689655172413792705e-01,8.860759493670884723e-02,8.113207547169811740e-01,2.965299684542587189e-01,6.757679180887371517e-01,1.056910569105691255e-01,1.208791208791209493e-01,2.011412268188302599e-01
